hidden_channels: 64
num_layers: 5
lr: 0.00005
lr_decay: 0.999
batch_size: 4096
max_norm: 5.0
optimizer: 'adam'
momentum: 0.9
pool: 'c'
smooth_loss: True
triplets_per_anchor: 16
distance: 'snr'
alpha: 1.0
gamma: 4.022879258650723
beta: 0.6120957227224214
margin: 1.906408074987083
