hidden_channels: 64
num_layers: 5
lr: 0.00005
lr_decay: 0.999
batch_size: 4096
max_norm: 5.0
optimizer: 'adam'
momentum: 0.9
pool: 'c'
smooth_loss: True
triplets_per_anchor: 16
distance: 'snr'
alpha: 1.0
gamma: 3.6828389531595183
beta: 0.29614019752214493
margin: 1.818629417006431
